8
50 50 50
100 50 50
100 50 100
50 50 100
50 100 50
100 100 50
100 100 100
50 100 100
-0.577 -0.577 -0.577
0.577 -0.577 -0.577
0.577 -0.577 0.577
-0.577 -0.577 0.577
-0.577 0.577 -0.577
0.577 0.577 -0.577
0.577 0.577 0.577
-0.577 0.577 0.577
6
0 1 2 3
0 1 5 4
0 3 7 4
1 2 6 5
2 3 7 6
4 5 6 7
.4 0 0
1 0 0
.5 0 0
1

5
200 50 50
300 50 50
300 50 150
200 50 150
250 200 100
-0.3162 -0.12742 -0.30151
0.31623 -0.12742 -0.30151
0.31623 -0.1225 0.31623
-0.31623 -0.12251 0.31623
0 0.31623 0
5
0 1 4
0 3 4
0 1 2 3
1 2 4
2 3 4
0 .2 0
0 .5 0
0 .2 0
1

4
125 125 125
175 125 125
150 185 125
150 150 100
-0.270914 -0.122821 -0.060402
0.270914 -0.122821 -0.060402
0 0.22576 0.01727
0 0 -0.55177
4
0 1 2
0 1 3
0 2 3
1 2 3
0 0 .2
0 .3 .4
0 .3 .4
1


